0.009900990099009901
1.050623120505359345e-02
1.255312743536056951e-02
1.499881413984034163e-02
1.792098650880755845e-02
2.141247693610730599e-02
2.558420426136819720e-02
3.056869769240189855e-02
3.652430747654244331e-02
4.364023637942163886e-02
5.214255225599685739e-02
6.230137375912010028e-02
7.443945949882717350e-02
8.894247762320836581e-02
1.062712957277699988e-01
1.269766845455498616e-01
1.517169536312293898e-01
1.812791411395721641e-01
2.166045598886808810e-01
2.588197575636044245e-01
3.092742958881742332e-01
3.659194558041833356e-01
4.295504749420227530e-01
4.878404991605997387e-01
5.465286335340051593e-01
6.084737514758062904e-01
6.757585789195370563e-01
7.516565921335659484e-01
8.311370771036575844e-01
9.246692892967199873e-01
1.000000000000000444e+00
