9.900990099009901110e-03
1.066323635887272622e-02
1.434599505377466902e-02
1.930066739974244105e-02
2.596653483881515220e-02
3.493459584245595106e-02
4.699996944623161671e-02
6.323241148546855650e-02
8.507122232430397446e-02
1.144530739308754624e-01
1.539844093242278833e-01
2.055591839566812129e-01
2.557993831947866226e-01
2.982164559608113108e-01
3.369564792269857945e-01
3.808729522894392372e-01
4.239828190906154703e-01
4.622404403213618562e-01
4.991939308285418542e-01
5.376422696794328493e-01
5.772380892370367889e-01
6.155397975033101154e-01
6.549008166605400083e-01
6.963939652415160886e-01
7.409637396544767052e-01
7.879334076738477854e-01
8.341971599897797240e-01
8.818406122634648847e-01
9.322343195459547038e-01
9.868324962084598084e-01
1.000000000000000444e+00
